rockmoss.jpg: 0.2591634690761566, 0.31349989771842957
bark.jpg: 0.12569794058799744, 0.21675072610378265
bricks.jpg: 0.2029738873243332, 0.28416094183921814
grass.jpg: 0.11837778985500336, 0.3468974530696869
