rockmoss.jpg: 0.20474693179130554, 0.04770288243889809
bark.jpg: 0.1053798496723175, 0.053488839417696
bricks.jpg: 0.15703986585140228, 0.1666981726884842
grass.jpg: 0.10914558917284012, 0.02855903096497059
